Rank;Organic Keywords;Organic Traffic;Organic Cost;Adwords Keywords;Adwords Traffic;Adwords Cost;Date
0;25;161;0;0;0;0;20260215
0;25;28;0;0;0;0;20260115
0;21;170;0;0;0;0;20251215
0;19;101;0;0;0;0;20251115
0;23;216;0;0;0;0;20251015
0;23;312;0;0;0;0;20250915
0;20;126;0;0;0;0;20250815
0;28;455;0;0;0;0;20250715
0;39;251;0;0;0;0;20250615
0;52;384;0;0;0;0;20250515
0;256;66;0;0;0;0;20250415
0;66;21;0;0;0;0;20250315
0;0;0;0;0;0;0;20250215
0;0;0;0;0;0;0;20250115
0;0;0;0;0;0;0;20241215
0;0;0;0;0;0;0;20241115
0;0;0;0;0;0;0;20241015
0;0;0;0;0;0;0;20240915
0;0;0;0;0;0;0;20240815
0;0;0;0;0;0;0;20240715
0;0;0;0;0;0;0;20240615
0;0;0;0;0;0;0;20240515
0;0;0;0;0;0;0;20240415
0;0;0;0;0;0;0;20240315
0;0;0;0;0;0;0;20240215
0;0;0;0;0;0;0;20240115
0;0;0;0;0;0;0;20231215
0;0;0;0;0;0;0;20231115
0;0;0;0;0;0;0;20231015
0;0;0;0;0;0;0;20230915
0;0;0;0;0;0;0;20230815
0;0;0;0;0;0;0;20230715
0;0;0;0;0;0;0;20230615
0;0;0;0;0;0;0;20230515
0;0;0;0;0;0;0;20230415
0;0;0;0;0;0;0;20230315
0;0;0;0;0;0;0;20230215
0;0;0;0;0;0;0;20230115
0;0;0;0;0;0;0;20221215
0;0;0;0;0;0;0;20221115
0;0;0;0;0;0;0;20221015
0;0;0;0;0;0;0;20220915
0;0;0;0;0;0;0;20220815
0;0;0;0;0;0;0;20220715
0;0;0;0;0;0;0;20220615
0;0;0;0;0;0;0;20220515
0;0;0;0;0;0;0;20220415
0;0;0;0;0;0;0;20220315
0;0;0;0;0;0;0;20220215
0;0;0;0;0;0;0;20220115
0;0;0;0;0;0;0;20211215
0;0;0;0;0;0;0;20211115
0;0;0;0;0;0;0;20211015
0;0;0;0;0;0;0;20210915
0;0;0;0;0;0;0;20210815
0;0;0;0;0;0;0;20210715
0;0;0;0;0;0;0;20210615
0;0;0;0;0;0;0;20210515
0;0;0;0;0;0;0;20210415
0;0;0;0;0;0;0;20210315
0;0;0;0;0;0;0;20210215
0;0;0;0;0;0;0;20210115
0;0;0;0;0;0;0;20201215
0;0;0;0;0;0;0;20201115
0;0;0;0;0;0;0;20201015
0;0;0;0;0;0;0;20200915
0;0;0;0;0;0;0;20200815
0;0;0;0;0;0;0;20200715
0;0;0;0;0;0;0;20200615
0;0;0;0;0;0;0;20200515
0;0;0;0;0;0;0;20200415
0;0;0;0;0;0;0;20200315
0;0;0;0;0;0;0;20200215
0;0;0;0;0;0;0;20200115
0;0;0;0;0;0;0;20191215
0;0;0;0;0;0;0;20191115
0;0;0;0;0;0;0;20191015
0;0;0;0;0;0;0;20190915
0;0;0;0;0;0;0;20190815
0;0;0;0;0;0;0;20190715
0;0;0;0;0;0;0;20190615
0;0;0;0;0;0;0;20190515
0;0;0;0;0;0;0;20190415
0;0;0;0;0;0;0;20190315
0;0;0;0;0;0;0;20190215
0;0;0;0;0;0;0;20190115
0;0;0;0;0;0;0;20181215
0;0;0;0;0;0;0;20181115
0;0;0;0;0;0;0;20181015
0;0;0;0;0;0;0;20180915
0;0;0;0;0;0;0;20180815
0;0;0;0;0;0;0;20180715
0;0;0;0;0;0;0;20180615
0;0;0;0;0;0;0;20180515
0;0;0;0;0;0;0;20180415
0;0;0;0;0;0;0;20180315
0;0;0;0;0;0;0;20180215
0;0;0;0;0;0;0;20180115
0;0;0;0;0;0;0;20171215
0;0;0;0;0;0;0;20171115
0;0;0;0;0;0;0;20171015
0;0;0;0;0;0;0;20170915
0;0;0;0;0;0;0;20170815
0;0;0;0;0;0;0;20170715
0;0;0;0;0;0;0;20170615
0;0;0;0;0;0;0;20170515
0;0;0;0;0;0;0;20170415
0;0;0;0;0;0;0;20170315
0;0;0;0;0;0;0;20170215
0;0;0;0;0;0;0;20170115
0;0;0;0;0;0;0;20161215
0;0;0;0;0;0;0;20161115
0;0;0;0;0;0;0;20161015
0;0;0;0;0;0;0;20160915
0;0;0;0;0;0;0;20160815
0;0;0;0;0;0;0;20160715
0;0;0;0;0;0;0;20160615
0;0;0;0;0;0;0;20160515
0;0;0;0;0;0;0;20160415
0;0;0;0;0;0;0;20160315
0;0;0;0;0;0;0;20160215
0;0;0;0;0;0;0;20160115
0;0;0;0;0;0;0;20151215
0;0;0;0;0;0;0;20151115
0;0;0;0;0;0;0;20151015
0;0;0;0;0;0;0;20150915
0;0;0;0;0;0;0;20150815
0;0;0;0;0;0;0;20150715
0;0;0;0;0;0;0;20150615
0;0;0;0;0;0;0;20150515
0;0;0;0;0;0;0;20150415
0;0;0;0;0;0;0;20150315
0;0;0;0;0;0;0;20150215
0;0;0;0;0;0;0;20150115
0;0;0;0;0;0;0;20141215
0;0;0;0;0;0;0;20141115
0;0;0;0;0;0;0;20141015
0;0;0;0;0;0;0;20140915
0;0;0;0;0;0;0;20140815
0;0;0;0;0;0;0;20140715
0;0;0;0;0;0;0;20140615
0;0;0;0;0;0;0;20140515
0;0;0;0;0;0;0;20140415
0;0;0;0;0;0;0;20140315
0;0;0;0;0;0;0;20140215
0;0;0;0;0;0;0;20140115
0;0;0;0;0;0;0;20131215
0;0;0;0;0;0;0;20131115
0;0;0;0;0;0;0;20131015
0;0;0;0;0;0;0;20130915
0;0;0;0;0;0;0;20130815
0;0;0;0;0;0;0;20130715
0;0;0;0;0;0;0;20130615
0;0;0;0;0;0;0;20130515
0;0;0;0;0;0;0;20130415
0;0;0;0;0;0;0;20130315
0;0;0;0;0;0;0;20130215
0;0;0;0;0;0;0;20130115
0;0;0;0;0;0;0;20121215
0;0;0;0;0;0;0;20121115
0;0;0;0;0;0;0;20121015
0;0;0;0;0;0;0;20120915
0;0;0;0;0;0;0;20120815
0;0;0;0;0;0;0;20120715
0;0;0;0;0;0;0;20120615
0;0;0;0;0;0;0;20120515
0;0;0;0;0;0;0;20120415
0;0;0;0;0;0;0;20120315
0;0;0;0;0;0;0;20120215
0;0;0;0;0;0;0;20120115
